P (MPa)		T (K)		r (km)		rho (kg m-3)	VP (km s-1)	VS (km s-1)	QS/gamma	KS (GPa)	GS (GPa)	g (m/s2)	phase	k (S m-1)	
0.00000e+00	1.10000e+02	2.41030e+03	9.32719e+02	4.19159e+00	2.19228e+00	4.56125e+01	1.04103e+01	4.48274e+00	1.70215e+00	1.00000e+00	0.00000e+00
1.63693e+00	1.13788e+02	2.40927e+03	9.32724e+02	4.18640e+00	2.18618e+00	4.56125e+01	1.04031e+01	4.45783e+00	1.70280e+00	1.00000e+00	0.00000e+00
3.27386e+00	1.17706e+02	2.40824e+03	9.32712e+02	4.18083e+00	2.17988e+00	4.56125e+01	1.03937e+01	4.43214e+00	1.70345e+00	1.00000e+00	0.00000e+00
4.91079e+00	1.21759e+02	2.40721e+03	9.32682e+02	4.17484e+00	2.17339e+00	4.56125e+01	1.03818e+01	4.40565e+00	1.70410e+00	1.00000e+00	0.00000e+00
6.54772e+00	1.25952e+02	2.40618e+03	9.32632e+02	4.16841e+00	2.16670e+00	4.56125e+01	1.03673e+01	4.37833e+00	1.70476e+00	1.00000e+00	0.00000e+00
8.18465e+00	1.30289e+02	2.40515e+03	9.32560e+02	4.16151e+00	2.15981e+00	4.56125e+01	1.03500e+01	4.35017e+00	1.70541e+00	1.00000e+00	0.00000e+00
9.82158e+00	1.34776e+02	2.40412e+03	9.32465e+02	4.15411e+00	2.15270e+00	4.56125e+01	1.03297e+01	4.32113e+00	1.70606e+00	1.00000e+00	0.00000e+00
1.14585e+01	1.39417e+02	2.40309e+03	9.32344e+02	4.14618e+00	2.14537e+00	4.56125e+01	1.03061e+01	4.29120e+00	1.70672e+00	1.00000e+00	0.00000e+00
1.30954e+01	1.44217e+02	2.40207e+03	9.32195e+02	4.13769e+00	2.13781e+00	4.56125e+01	1.02791e+01	4.26035e+00	1.70737e+00	1.00000e+00	0.00000e+00
1.47324e+01	1.49183e+02	2.40104e+03	9.32018e+02	4.12861e+00	2.13002e+00	4.56125e+01	1.02485e+01	4.22854e+00	1.70803e+00	1.00000e+00	0.00000e+00
1.63693e+01	1.54320e+02	2.40001e+03	9.31808e+02	4.11890e+00	2.12198e+00	4.56125e+01	1.02141e+01	4.19576e+00	1.70869e+00	1.00000e+00	0.00000e+00
1.80062e+01	1.59634e+02	2.39899e+03	9.31565e+02	4.10855e+00	2.11370e+00	4.56125e+01	1.01757e+01	4.16197e+00	1.70935e+00	1.00000e+00	0.00000e+00
1.96432e+01	1.65131e+02	2.39796e+03	9.31286e+02	4.09751e+00	2.10515e+00	4.56125e+01	1.01331e+01	4.12714e+00	1.71000e+00	1.00000e+00	0.00000e+00
2.12801e+01	1.70818e+02	2.39694e+03	9.30970e+02	4.08577e+00	2.09633e+00	4.56125e+01	1.00861e+01	4.09124e+00	1.71066e+00	1.00000e+00	0.00000e+00
2.29170e+01	1.76700e+02	2.39591e+03	9.30613e+02	4.07328e+00	2.08723e+00	4.56125e+01	1.00347e+01	4.05425e+00	1.71132e+00	1.00000e+00	0.00000e+00
2.45540e+01	1.82784e+02	2.39489e+03	9.30214e+02	4.06003e+00	2.07784e+00	4.56125e+01	9.97870e+00	4.01611e+00	1.71199e+00	1.00000e+00	0.00000e+00
2.61909e+01	1.89078e+02	2.39386e+03	9.29770e+02	4.04599e+00	2.06814e+00	4.56125e+01	9.91798e+00	3.97681e+00	1.71265e+00	1.00000e+00	0.00000e+00
2.78278e+01	1.95589e+02	2.39284e+03	9.29279e+02	4.03115e+00	2.05812e+00	4.56125e+01	9.85252e+00	3.93630e+00	1.71331e+00	1.00000e+00	0.00000e+00
2.94647e+01	2.02324e+02	2.39182e+03	9.28739e+02	4.01547e+00	2.04777e+00	4.56125e+01	9.78227e+00	3.89455e+00	1.71397e+00	1.00000e+00	0.00000e+00
3.11017e+01	2.09291e+02	2.39080e+03	9.28148e+02	3.99895e+00	2.03707e+00	4.56125e+01	9.70725e+00	3.85151e+00	1.71464e+00	1.00000e+00	0.00000e+00
3.27386e+01	2.16498e+02	2.38978e+03	9.27502e+02	3.98158e+00	2.02601e+00	4.56125e+01	9.62747e+00	3.80714e+00	1.71530e+00	1.00000e+00	0.00000e+00
3.43755e+01	2.23953e+02	2.38876e+03	9.26801e+02	3.96334e+00	2.01457e+00	4.56125e+01	9.54302e+00	3.76140e+00	1.71597e+00	1.00000e+00	0.00000e+00
3.60125e+01	2.31665e+02	2.38773e+03	9.26040e+02	3.94423e+00	2.00272e+00	4.56125e+01	9.45400e+00	3.71425e+00	1.71663e+00	1.00000e+00	0.00000e+00
3.76494e+01	2.39642e+02	2.38671e+03	9.25218e+02	3.92424e+00	1.99046e+00	4.56125e+01	9.36054e+00	3.66564e+00	1.71730e+00	1.00000e+00	0.00000e+00
3.92863e+01	2.47894e+02	2.38570e+03	9.24331e+02	3.90339e+00	1.97775e+00	4.56125e+01	9.26281e+00	3.61552e+00	1.71797e+00	1.00000e+00	0.00000e+00
4.09233e+01	2.47914e+02	2.38468e+03	9.24499e+02	3.90400e+00	1.97733e+00	4.56125e+01	9.27094e+00	3.61463e+00	1.71864e+00	1.00000e+00	0.00000e+00
4.25602e+01	2.47935e+02	2.38366e+03	9.24663e+02	3.90461e+00	1.97691e+00	4.56125e+01	9.27907e+00	3.61373e+00	1.71931e+00	1.00000e+00	0.00000e+00
4.41971e+01	2.47955e+02	2.38264e+03	9.24828e+02	3.90523e+00	1.97649e+00	4.56125e+01	9.28720e+00	3.61284e+00	1.71998e+00	1.00000e+00	0.00000e+00
4.58340e+01	2.47976e+02	2.38162e+03	9.24992e+02	3.90584e+00	1.97607e+00	4.56125e+01	9.29533e+00	3.61194e+00	1.72065e+00	1.00000e+00	0.00000e+00
4.74710e+01	2.47996e+02	2.38061e+03	9.25157e+02	3.90645e+00	1.97565e+00	4.56125e+01	9.30345e+00	3.61105e+00	1.72132e+00	1.00000e+00	0.00000e+00
4.91079e+01	2.48017e+02	2.37959e+03	9.25321e+02	3.90706e+00	1.97523e+00	4.56125e+01	9.31158e+00	3.61015e+00	1.72200e+00	1.00000e+00	0.00000e+00
5.07448e+01	2.48038e+02	2.37857e+03	9.25485e+02	3.90767e+00	1.97481e+00	4.56125e+01	9.31970e+00	3.60926e+00	1.72267e+00	1.00000e+00	0.00000e+00
5.23818e+01	2.48059e+02	2.37756e+03	9.25649e+02	3.90829e+00	1.97439e+00	4.56125e+01	9.32782e+00	3.60836e+00	1.72335e+00	1.00000e+00	0.00000e+00
5.40187e+01	2.48080e+02	2.37654e+03	9.25813e+02	3.90890e+00	1.97397e+00	4.56125e+01	9.33594e+00	3.60747e+00	1.72402e+00	1.00000e+00	0.00000e+00
5.56556e+01	2.48101e+02	2.37553e+03	9.25976e+02	3.90951e+00	1.97355e+00	4.56125e+01	9.34405e+00	3.60657e+00	1.72470e+00	1.00000e+00	0.00000e+00
5.72926e+01	2.48123e+02	2.37451e+03	9.26140e+02	3.91012e+00	1.97313e+00	4.56125e+01	9.35217e+00	3.60568e+00	1.72538e+00	1.00000e+00	0.00000e+00
5.89295e+01	2.48145e+02	2.37350e+03	9.26303e+02	3.91073e+00	1.97271e+00	4.56125e+01	9.36028e+00	3.60478e+00	1.72605e+00	1.00000e+00	0.00000e+00
6.05664e+01	2.48166e+02	2.37249e+03	9.26466e+02	3.91134e+00	1.97229e+00	4.56125e+01	9.36839e+00	3.60388e+00	1.72673e+00	1.00000e+00	0.00000e+00
6.22033e+01	2.48188e+02	2.37147e+03	9.26629e+02	3.91195e+00	1.97187e+00	4.56125e+01	9.37650e+00	3.60299e+00	1.72741e+00	1.00000e+00	0.00000e+00
6.38403e+01	2.48210e+02	2.37046e+03	9.26792e+02	3.91256e+00	1.97145e+00	4.56125e+01	9.38460e+00	3.60209e+00	1.72809e+00	1.00000e+00	0.00000e+00
6.54772e+01	2.48232e+02	2.36945e+03	9.26955e+02	3.91317e+00	1.97104e+00	4.56125e+01	9.39271e+00	3.60119e+00	1.72877e+00	1.00000e+00	0.00000e+00
6.71141e+01	2.48255e+02	2.36844e+03	9.27117e+02	3.91377e+00	1.97062e+00	4.56125e+01	9.40081e+00	3.60029e+00	1.72946e+00	1.00000e+00	0.00000e+00
6.87511e+01	2.48277e+02	2.36743e+03	9.27280e+02	3.91438e+00	1.97020e+00	4.56125e+01	9.40891e+00	3.59940e+00	1.73014e+00	1.00000e+00	0.00000e+00
7.03880e+01	2.48300e+02	2.36642e+03	9.27442e+02	3.91499e+00	1.96978e+00	4.56125e+01	9.41700e+00	3.59850e+00	1.73082e+00	1.00000e+00	0.00000e+00
7.20249e+01	2.48322e+02	2.36541e+03	9.27605e+02	3.91560e+00	1.96936e+00	4.56125e+01	9.42509e+00	3.59760e+00	1.73151e+00	1.00000e+00	0.00000e+00
7.36619e+01	2.48345e+02	2.36440e+03	9.27767e+02	3.91620e+00	1.96894e+00	4.56125e+01	9.43318e+00	3.59670e+00	1.73219e+00	1.00000e+00	0.00000e+00
7.52988e+01	2.48368e+02	2.36339e+03	9.27929e+02	3.91681e+00	1.96853e+00	4.56125e+01	9.44127e+00	3.59580e+00	1.73288e+00	1.00000e+00	0.00000e+00
7.69357e+01	2.48391e+02	2.36238e+03	9.28090e+02	3.91741e+00	1.96811e+00	4.56125e+01	9.44936e+00	3.59490e+00	1.73357e+00	1.00000e+00	0.00000e+00
7.85727e+01	2.48415e+02	2.36137e+03	9.28252e+02	3.91802e+00	1.96769e+00	4.56125e+01	9.45744e+00	3.59400e+00	1.73426e+00	1.00000e+00	0.00000e+00
8.02096e+01	2.48438e+02	2.36036e+03	9.28414e+02	3.91862e+00	1.96727e+00	4.56125e+01	9.46552e+00	3.59310e+00	1.73495e+00	1.00000e+00	0.00000e+00
8.18465e+01	2.48462e+02	2.35936e+03	9.28575e+02	3.91923e+00	1.96686e+00	4.56125e+01	9.47359e+00	3.59220e+00	1.73564e+00	1.00000e+00	0.00000e+00
8.34834e+01	2.48485e+02	2.35835e+03	9.28736e+02	3.91983e+00	1.96644e+00	4.56125e+01	9.48166e+00	3.59130e+00	1.73633e+00	1.00000e+00	0.00000e+00
8.51204e+01	2.48509e+02	2.35734e+03	9.28897e+02	3.92043e+00	1.96602e+00	4.56125e+01	9.48973e+00	3.59040e+00	1.73702e+00	1.00000e+00	0.00000e+00
8.67573e+01	2.48533e+02	2.35634e+03	9.29058e+02	3.92104e+00	1.96560e+00	4.56125e+01	9.49780e+00	3.58950e+00	1.73771e+00	1.00000e+00	0.00000e+00
8.83942e+01	2.48558e+02	2.35533e+03	9.29219e+02	3.92164e+00	1.96519e+00	4.56125e+01	9.50586e+00	3.58859e+00	1.73841e+00	1.00000e+00	0.00000e+00
9.00312e+01	2.48582e+02	2.35433e+03	9.29380e+02	3.92224e+00	1.96477e+00	4.56125e+01	9.51392e+00	3.58769e+00	1.73910e+00	1.00000e+00	0.00000e+00
9.16681e+01	2.48606e+02	2.35332e+03	9.29540e+02	3.92284e+00	1.96435e+00	4.56125e+01	9.52197e+00	3.58679e+00	1.73980e+00	1.00000e+00	0.00000e+00
9.33050e+01	2.48631e+02	2.35232e+03	9.29701e+02	3.92344e+00	1.96394e+00	4.56125e+01	9.53002e+00	3.58589e+00	1.74049e+00	1.00000e+00	0.00000e+00
9.49420e+01	2.48656e+02	2.35131e+03	9.29861e+02	3.92404e+00	1.96352e+00	4.56125e+01	9.53807e+00	3.58498e+00	1.74119e+00	1.00000e+00	0.00000e+00
9.65789e+01	2.48681e+02	2.35031e+03	9.30021e+02	3.92464e+00	1.96310e+00	4.56125e+01	9.54611e+00	3.58408e+00	1.74189e+00	1.00000e+00	0.00000e+00
9.82158e+01	2.48706e+02	2.34931e+03	9.30181e+02	3.92524e+00	1.96269e+00	4.56125e+01	9.55415e+00	3.58317e+00	1.74259e+00	1.00000e+00	0.00000e+00
9.98527e+01	2.48731e+02	2.34830e+03	9.30341e+02	3.92584e+00	1.96227e+00	4.56125e+01	9.56219e+00	3.58227e+00	1.74329e+00	1.00000e+00	0.00000e+00
1.01490e+02	2.48757e+02	2.34730e+03	9.30501e+02	3.92643e+00	1.96185e+00	4.56125e+01	9.57022e+00	3.58136e+00	1.74399e+00	1.00000e+00	0.00000e+00
1.03127e+02	2.48782e+02	2.34630e+03	9.30661e+02	3.92703e+00	1.96144e+00	4.56125e+01	9.57824e+00	3.58046e+00	1.74469e+00	1.00000e+00	0.00000e+00
1.04764e+02	2.48808e+02	2.34530e+03	9.30820e+02	3.92762e+00	1.96102e+00	4.56125e+01	9.58626e+00	3.57955e+00	1.74539e+00	1.00000e+00	0.00000e+00
1.06400e+02	2.48834e+02	2.34430e+03	9.30979e+02	3.92822e+00	1.96060e+00	4.56125e+01	9.59428e+00	3.57865e+00	1.74610e+00	1.00000e+00	0.00000e+00
1.08037e+02	2.48860e+02	2.34330e+03	9.31139e+02	3.92881e+00	1.96019e+00	4.56125e+01	9.60230e+00	3.57774e+00	1.74680e+00	1.00000e+00	0.00000e+00
1.09674e+02	2.48886e+02	2.34230e+03	9.31298e+02	3.92941e+00	1.95977e+00	4.56125e+01	9.61030e+00	3.57683e+00	1.74751e+00	1.00000e+00	0.00000e+00
1.11311e+02	2.48913e+02	2.34130e+03	9.31457e+02	3.93000e+00	1.95936e+00	4.56125e+01	9.61831e+00	3.57592e+00	1.74822e+00	1.00000e+00	0.00000e+00
1.12948e+02	2.48939e+02	2.34030e+03	9.31615e+02	3.93059e+00	1.95894e+00	4.56125e+01	9.62631e+00	3.57501e+00	1.74892e+00	1.00000e+00	0.00000e+00
1.14585e+02	2.48966e+02	2.33930e+03	9.31774e+02	3.93118e+00	1.95853e+00	4.56125e+01	9.63430e+00	3.57411e+00	1.74963e+00	1.00000e+00	0.00000e+00
1.16222e+02	2.48993e+02	2.33830e+03	9.31933e+02	3.93177e+00	1.95811e+00	4.56125e+01	9.64229e+00	3.57320e+00	1.75034e+00	1.00000e+00	0.00000e+00
1.17859e+02	2.49020e+02	2.33730e+03	9.32091e+02	3.93236e+00	1.95769e+00	4.56125e+01	9.65027e+00	3.57229e+00	1.75105e+00	1.00000e+00	0.00000e+00
1.19496e+02	2.49047e+02	2.33631e+03	9.32249e+02	3.93295e+00	1.95728e+00	4.56125e+01	9.65825e+00	3.57138e+00	1.75176e+00	1.00000e+00	0.00000e+00
1.21133e+02	2.49075e+02	2.33531e+03	9.32408e+02	3.93354e+00	1.95686e+00	4.56125e+01	9.66622e+00	3.57047e+00	1.75248e+00	1.00000e+00	0.00000e+00
1.22770e+02	2.49102e+02	2.33431e+03	9.32566e+02	3.93413e+00	1.95645e+00	4.56125e+01	9.67419e+00	3.56955e+00	1.75319e+00	1.00000e+00	0.00000e+00
1.24407e+02	2.49130e+02	2.33332e+03	9.32723e+02	3.93471e+00	1.95603e+00	4.56125e+01	9.68215e+00	3.56864e+00	1.75391e+00	1.00000e+00	0.00000e+00
1.26044e+02	2.49158e+02	2.33232e+03	9.32881e+02	3.93530e+00	1.95562e+00	4.56125e+01	9.69011e+00	3.56773e+00	1.75462e+00	1.00000e+00	0.00000e+00
1.27681e+02	2.49186e+02	2.33132e+03	9.33039e+02	3.93588e+00	1.95520e+00	4.56125e+01	9.69806e+00	3.56682e+00	1.75534e+00	1.00000e+00	0.00000e+00
1.29317e+02	2.49215e+02	2.33033e+03	9.33196e+02	3.93647e+00	1.95479e+00	4.56125e+01	9.70601e+00	3.56590e+00	1.75605e+00	1.00000e+00	0.00000e+00
1.30954e+02	2.49243e+02	2.32933e+03	9.33354e+02	3.93705e+00	1.95437e+00	4.56125e+01	9.71395e+00	3.56499e+00	1.75677e+00	1.00000e+00	0.00000e+00
1.32591e+02	2.49272e+02	2.32834e+03	9.33511e+02	3.93763e+00	1.95395e+00	4.56125e+01	9.72188e+00	3.56408e+00	1.75749e+00	1.00000e+00	0.00000e+00
1.34228e+02	2.49300e+02	2.32734e+03	9.33668e+02	3.93821e+00	1.95354e+00	4.56125e+01	9.72981e+00	3.56316e+00	1.75821e+00	1.00000e+00	0.00000e+00
1.35865e+02	2.49329e+02	2.32635e+03	9.33825e+02	3.93879e+00	1.95312e+00	4.56125e+01	9.73773e+00	3.56224e+00	1.75894e+00	1.00000e+00	0.00000e+00
1.37502e+02	2.49359e+02	2.32536e+03	9.33982e+02	3.93937e+00	1.95271e+00	4.56125e+01	9.74564e+00	3.56133e+00	1.75966e+00	1.00000e+00	0.00000e+00
1.39139e+02	2.49388e+02	2.32436e+03	9.34139e+02	3.93995e+00	1.95229e+00	4.56125e+01	9.75355e+00	3.56041e+00	1.76038e+00	1.00000e+00	0.00000e+00
1.40776e+02	2.49417e+02	2.32337e+03	9.34295e+02	3.94053e+00	1.95188e+00	4.56125e+01	9.76146e+00	3.55949e+00	1.76111e+00	1.00000e+00	0.00000e+00
1.42413e+02	2.49447e+02	2.32238e+03	9.34452e+02	3.94110e+00	1.95146e+00	4.56125e+01	9.76935e+00	3.55858e+00	1.76183e+00	1.00000e+00	0.00000e+00
1.44050e+02	2.49477e+02	2.32139e+03	9.34608e+02	3.94168e+00	1.95105e+00	4.56125e+01	9.77724e+00	3.55766e+00	1.76256e+00	1.00000e+00	0.00000e+00
1.45687e+02	2.49507e+02	2.32039e+03	9.34764e+02	3.94225e+00	1.95063e+00	4.56125e+01	9.78512e+00	3.55674e+00	1.76329e+00	1.00000e+00	0.00000e+00
1.47324e+02	2.49537e+02	2.31940e+03	9.34920e+02	3.94282e+00	1.95022e+00	4.56125e+01	9.79300e+00	3.55582e+00	1.76402e+00	1.00000e+00	0.00000e+00
1.48961e+02	2.49568e+02	2.31841e+03	9.35076e+02	3.94340e+00	1.94980e+00	4.56125e+01	9.80087e+00	3.55490e+00	1.76475e+00	1.00000e+00	0.00000e+00
1.50598e+02	2.49598e+02	2.31742e+03	9.35232e+02	3.94397e+00	1.94939e+00	4.56125e+01	9.80873e+00	3.55398e+00	1.76548e+00	1.00000e+00	0.00000e+00
1.52235e+02	2.49629e+02	2.31643e+03	9.35388e+02	3.94454e+00	1.94897e+00	4.56125e+01	9.81658e+00	3.55306e+00	1.76621e+00	1.00000e+00	0.00000e+00
1.53871e+02	2.49660e+02	2.31544e+03	9.35543e+02	3.94511e+00	1.94856e+00	4.56125e+01	9.82443e+00	3.55213e+00	1.76694e+00	1.00000e+00	0.00000e+00
1.55508e+02	2.49691e+02	2.31445e+03	9.35699e+02	3.94567e+00	1.94814e+00	4.56125e+01	9.83227e+00	3.55121e+00	1.76768e+00	1.00000e+00	0.00000e+00
1.57145e+02	2.49723e+02	2.31346e+03	9.35854e+02	3.94624e+00	1.94773e+00	4.56125e+01	9.84010e+00	3.55029e+00	1.76841e+00	1.00000e+00	0.00000e+00
1.58782e+02	2.55578e+02	2.31247e+03	9.35344e+02	3.92947e+00	1.93832e+00	4.56125e+01	9.75687e+00	3.51416e+00	1.76915e+00	1.00000e+00	0.00000e+00
1.60419e+02	2.55639e+02	2.31148e+03	9.35497e+02	3.92992e+00	1.93785e+00	4.56125e+01	9.76400e+00	3.51305e+00	1.76989e+00	1.00000e+00	0.00000e+00
1.62056e+02	2.55700e+02	2.31050e+03	9.35650e+02	3.93037e+00	1.93739e+00	4.56125e+01	9.77113e+00	3.51194e+00	1.77063e+00	1.00000e+00	0.00000e+00
1.63918e+02	2.55707e+02	2.30960e+03	1.16974e+03	1.78537e+00	0.00000e+00	0.00000e+00	3.72861e+00	0.00000e+00	1.77112e+00	0.00000e+00	1.37893e+00
1.65780e+02	2.55715e+02	2.30870e+03	1.17032e+03	1.78864e+00	0.00000e+00	0.00000e+00	3.74414e+00	0.00000e+00	1.77162e+00	0.00000e+00	1.38042e+00
1.67642e+02	2.55723e+02	2.30780e+03	1.17090e+03	1.79190e+00	0.00000e+00	0.00000e+00	3.75965e+00	0.00000e+00	1.77212e+00	0.00000e+00	1.38193e+00
1.69504e+02	2.55731e+02	2.30690e+03	1.17148e+03	1.79514e+00	0.00000e+00	0.00000e+00	3.77514e+00	0.00000e+00	1.77261e+00	0.00000e+00	1.38344e+00
1.71367e+02	2.55739e+02	2.30601e+03	1.17205e+03	1.79838e+00	0.00000e+00	0.00000e+00	3.79062e+00	0.00000e+00	1.77311e+00	0.00000e+00	1.38497e+00
1.73229e+02	2.55748e+02	2.30511e+03	1.17263e+03	1.80161e+00	0.00000e+00	0.00000e+00	3.80609e+00	0.00000e+00	1.77361e+00	0.00000e+00	1.38650e+00
1.75091e+02	2.55757e+02	2.30422e+03	1.17320e+03	1.80482e+00	0.00000e+00	0.00000e+00	3.82154e+00	0.00000e+00	1.77410e+00	0.00000e+00	1.38805e+00
1.76953e+02	2.55765e+02	2.30332e+03	1.17377e+03	1.80802e+00	0.00000e+00	0.00000e+00	3.83698e+00	0.00000e+00	1.77460e+00	0.00000e+00	1.38961e+00
1.78815e+02	2.55774e+02	2.30243e+03	1.17433e+03	1.81122e+00	0.00000e+00	0.00000e+00	3.85241e+00	0.00000e+00	1.77510e+00	0.00000e+00	1.39117e+00
1.80677e+02	2.55784e+02	2.30154e+03	1.17490e+03	1.81440e+00	0.00000e+00	0.00000e+00	3.86782e+00	0.00000e+00	1.77560e+00	0.00000e+00	1.39275e+00
1.82539e+02	2.55793e+02	2.30064e+03	1.17546e+03	1.81757e+00	0.00000e+00	0.00000e+00	3.88321e+00	0.00000e+00	1.77609e+00	0.00000e+00	1.39434e+00
1.84401e+02	2.55803e+02	2.29975e+03	1.17602e+03	1.82073e+00	0.00000e+00	0.00000e+00	3.89859e+00	0.00000e+00	1.77659e+00	0.00000e+00	1.39594e+00
1.86263e+02	2.55813e+02	2.29886e+03	1.17658e+03	1.82388e+00	0.00000e+00	0.00000e+00	3.91396e+00	0.00000e+00	1.77709e+00	0.00000e+00	1.39755e+00
1.88125e+02	2.55823e+02	2.29797e+03	1.17714e+03	1.82702e+00	0.00000e+00	0.00000e+00	3.92931e+00	0.00000e+00	1.77759e+00	0.00000e+00	1.39917e+00
1.89988e+02	2.55833e+02	2.29708e+03	1.17770e+03	1.83015e+00	0.00000e+00	0.00000e+00	3.94465e+00	0.00000e+00	1.77809e+00	0.00000e+00	1.40080e+00
1.91850e+02	2.55843e+02	2.29619e+03	1.17825e+03	1.83328e+00	0.00000e+00	0.00000e+00	3.95998e+00	0.00000e+00	1.77858e+00	0.00000e+00	1.40244e+00
1.93712e+02	2.55854e+02	2.29531e+03	1.17880e+03	1.83639e+00	0.00000e+00	0.00000e+00	3.97529e+00	0.00000e+00	1.77908e+00	0.00000e+00	1.40410e+00
1.95574e+02	2.55864e+02	2.29442e+03	1.17935e+03	1.83949e+00	0.00000e+00	0.00000e+00	3.99059e+00	0.00000e+00	1.77958e+00	0.00000e+00	1.40576e+00
1.97436e+02	2.55875e+02	2.29353e+03	1.17990e+03	1.84258e+00	0.00000e+00	0.00000e+00	4.00587e+00	0.00000e+00	1.78008e+00	0.00000e+00	1.40744e+00
1.99298e+02	2.55886e+02	2.29264e+03	1.18045e+03	1.84566e+00	0.00000e+00	0.00000e+00	4.02114e+00	0.00000e+00	1.78058e+00	0.00000e+00	1.40912e+00
2.01160e+02	2.55898e+02	2.29176e+03	1.18099e+03	1.84873e+00	0.00000e+00	0.00000e+00	4.03640e+00	0.00000e+00	1.78108e+00	0.00000e+00	1.41082e+00
2.03022e+02	2.55909e+02	2.29087e+03	1.18153e+03	1.85179e+00	0.00000e+00	0.00000e+00	4.05164e+00	0.00000e+00	1.78158e+00	0.00000e+00	1.41253e+00
2.04884e+02	2.55920e+02	2.28999e+03	1.18207e+03	1.85484e+00	0.00000e+00	0.00000e+00	4.06687e+00	0.00000e+00	1.78208e+00	0.00000e+00	1.41425e+00
2.06746e+02	2.55932e+02	2.28911e+03	1.18261e+03	1.85789e+00	0.00000e+00	0.00000e+00	4.08208e+00	0.00000e+00	1.78257e+00	0.00000e+00	1.41598e+00
2.08609e+02	2.55944e+02	2.28822e+03	1.18315e+03	1.86092e+00	0.00000e+00	0.00000e+00	4.09729e+00	0.00000e+00	1.78307e+00	0.00000e+00	1.41772e+00
2.10471e+02	2.55956e+02	2.28734e+03	1.18369e+03	1.86395e+00	0.00000e+00	0.00000e+00	4.11248e+00	0.00000e+00	1.78357e+00	0.00000e+00	1.41947e+00
2.12333e+02	2.55968e+02	2.28646e+03	1.18422e+03	1.86696e+00	0.00000e+00	0.00000e+00	4.12766e+00	0.00000e+00	1.78407e+00	0.00000e+00	1.42123e+00
2.14195e+02	2.55981e+02	2.28558e+03	1.18475e+03	1.86997e+00	0.00000e+00	0.00000e+00	4.14283e+00	0.00000e+00	1.78457e+00	0.00000e+00	1.42300e+00
2.16057e+02	2.55993e+02	2.28470e+03	1.18529e+03	1.87297e+00	0.00000e+00	0.00000e+00	4.15798e+00	0.00000e+00	1.78507e+00	0.00000e+00	1.42478e+00
2.17919e+02	2.56006e+02	2.28382e+03	1.18581e+03	1.87595e+00	0.00000e+00	0.00000e+00	4.17312e+00	0.00000e+00	1.78557e+00	0.00000e+00	1.42657e+00
2.19781e+02	2.56019e+02	2.28294e+03	1.18634e+03	1.87893e+00	0.00000e+00	0.00000e+00	4.18825e+00	0.00000e+00	1.78608e+00	0.00000e+00	1.42837e+00
2.21643e+02	2.56032e+02	2.28206e+03	1.18687e+03	1.88191e+00	0.00000e+00	0.00000e+00	4.20337e+00	0.00000e+00	1.78658e+00	0.00000e+00	1.43018e+00
2.23505e+02	2.56045e+02	2.28118e+03	1.18739e+03	1.88487e+00	0.00000e+00	0.00000e+00	4.21848e+00	0.00000e+00	1.78708e+00	0.00000e+00	1.43200e+00
2.25367e+02	2.56058e+02	2.28031e+03	1.18791e+03	1.88782e+00	0.00000e+00	0.00000e+00	4.23357e+00	0.00000e+00	1.78758e+00	0.00000e+00	1.43382e+00
2.27230e+02	2.56072e+02	2.27943e+03	1.18844e+03	1.89077e+00	0.00000e+00	0.00000e+00	4.24865e+00	0.00000e+00	1.78808e+00	0.00000e+00	1.43566e+00
2.29092e+02	2.56085e+02	2.27855e+03	1.18895e+03	1.89370e+00	0.00000e+00	0.00000e+00	4.26371e+00	0.00000e+00	1.78858e+00	0.00000e+00	1.43750e+00
2.30954e+02	2.56099e+02	2.27768e+03	1.18947e+03	1.89663e+00	0.00000e+00	0.00000e+00	4.27876e+00	0.00000e+00	1.78908e+00	0.00000e+00	1.43935e+00
2.32816e+02	2.56113e+02	2.27680e+03	1.18999e+03	1.89954e+00	0.00000e+00	0.00000e+00	4.29379e+00	0.00000e+00	1.78958e+00	0.00000e+00	1.44121e+00
2.34678e+02	2.56127e+02	2.27593e+03	1.19050e+03	1.90245e+00	0.00000e+00	0.00000e+00	4.30881e+00	0.00000e+00	1.79009e+00	0.00000e+00	1.44308e+00
2.36540e+02	2.56141e+02	2.27506e+03	1.19102e+03	1.90535e+00	0.00000e+00	0.00000e+00	4.32380e+00	0.00000e+00	1.79059e+00	0.00000e+00	1.44496e+00
2.38402e+02	2.56155e+02	2.27418e+03	1.19153e+03	1.90823e+00	0.00000e+00	0.00000e+00	4.33877e+00	0.00000e+00	1.79109e+00	0.00000e+00	1.44685e+00
2.40264e+02	2.56170e+02	2.27331e+03	1.19204e+03	1.91111e+00	0.00000e+00	0.00000e+00	4.35371e+00	0.00000e+00	1.79159e+00	0.00000e+00	1.44874e+00
2.42126e+02	2.56184e+02	2.27244e+03	1.19255e+03	1.91397e+00	0.00000e+00	0.00000e+00	4.36863e+00	0.00000e+00	1.79209e+00	0.00000e+00	1.45064e+00
2.43988e+02	2.56199e+02	2.27157e+03	1.19305e+03	1.91682e+00	0.00000e+00	0.00000e+00	4.38351e+00	0.00000e+00	1.79260e+00	0.00000e+00	1.45255e+00
2.45850e+02	2.56214e+02	2.27070e+03	1.19356e+03	1.91966e+00	0.00000e+00	0.00000e+00	4.39836e+00	0.00000e+00	1.79310e+00	0.00000e+00	1.45447e+00
2.47713e+02	2.56229e+02	2.26983e+03	1.19406e+03	1.92248e+00	0.00000e+00	0.00000e+00	4.41317e+00	0.00000e+00	1.79360e+00	0.00000e+00	1.45639e+00
2.49575e+02	2.56244e+02	2.26896e+03	1.19457e+03	1.92529e+00	0.00000e+00	0.00000e+00	4.42795e+00	0.00000e+00	1.79411e+00	0.00000e+00	1.45832e+00
2.51437e+02	2.56259e+02	2.26809e+03	1.19507e+03	1.92809e+00	0.00000e+00	0.00000e+00	4.44268e+00	0.00000e+00	1.79461e+00	0.00000e+00	1.46026e+00
2.53299e+02	2.56274e+02	2.26722e+03	1.19557e+03	1.93087e+00	0.00000e+00	0.00000e+00	4.45737e+00	0.00000e+00	1.79511e+00	0.00000e+00	1.46221e+00
2.55161e+02	2.56290e+02	2.26636e+03	1.19607e+03	1.93363e+00	0.00000e+00	0.00000e+00	4.47201e+00	0.00000e+00	1.79562e+00	0.00000e+00	1.46416e+00
2.57023e+02	2.56305e+02	2.26549e+03	1.19656e+03	1.93638e+00	0.00000e+00	0.00000e+00	4.48661e+00	0.00000e+00	1.79612e+00	0.00000e+00	1.46613e+00
2.58885e+02	2.56321e+02	2.26462e+03	1.19706e+03	1.93912e+00	0.00000e+00	0.00000e+00	4.50117e+00	0.00000e+00	1.79663e+00	0.00000e+00	1.46810e+00
2.60747e+02	2.56337e+02	2.26376e+03	1.19755e+03	1.94185e+00	0.00000e+00	0.00000e+00	4.51569e+00	0.00000e+00	1.79713e+00	0.00000e+00	1.47007e+00
2.62609e+02	2.56353e+02	2.26289e+03	1.19804e+03	1.94456e+00	0.00000e+00	0.00000e+00	4.53017e+00	0.00000e+00	1.79764e+00	0.00000e+00	1.47206e+00
2.64471e+02	2.56369e+02	2.26203e+03	1.19854e+03	1.94725e+00	0.00000e+00	0.00000e+00	4.54461e+00	0.00000e+00	1.79814e+00	0.00000e+00	1.47405e+00
2.66334e+02	2.56386e+02	2.26117e+03	1.19903e+03	1.94994e+00	0.00000e+00	0.00000e+00	4.55902e+00	0.00000e+00	1.79865e+00	0.00000e+00	1.47605e+00
2.68196e+02	2.56402e+02	2.26030e+03	1.19951e+03	1.95261e+00	0.00000e+00	0.00000e+00	4.57339e+00	0.00000e+00	1.79915e+00	0.00000e+00	1.47805e+00
2.70058e+02	2.56418e+02	2.25944e+03	1.20000e+03	1.95528e+00	0.00000e+00	0.00000e+00	4.58774e+00	0.00000e+00	1.79966e+00	0.00000e+00	1.48006e+00
2.71920e+02	2.56435e+02	2.25858e+03	1.20049e+03	1.95793e+00	0.00000e+00	0.00000e+00	4.60206e+00	0.00000e+00	1.80016e+00	0.00000e+00	1.48208e+00
2.73782e+02	2.56452e+02	2.25772e+03	1.20097e+03	1.96057e+00	0.00000e+00	0.00000e+00	4.61636e+00	0.00000e+00	1.80067e+00	0.00000e+00	1.48411e+00
2.75644e+02	2.56469e+02	2.25686e+03	1.20146e+03	1.96321e+00	0.00000e+00	0.00000e+00	4.63063e+00	0.00000e+00	1.80118e+00	0.00000e+00	1.48614e+00
2.77506e+02	2.56486e+02	2.25600e+03	1.20194e+03	1.96583e+00	0.00000e+00	0.00000e+00	4.64489e+00	0.00000e+00	1.80168e+00	0.00000e+00	1.48818e+00
2.79368e+02	2.56503e+02	2.25514e+03	1.20242e+03	1.96845e+00	0.00000e+00	0.00000e+00	4.65912e+00	0.00000e+00	1.80219e+00	0.00000e+00	1.49023e+00
2.81230e+02	2.56520e+02	2.25428e+03	1.20290e+03	1.97105e+00	0.00000e+00	0.00000e+00	4.67333e+00	0.00000e+00	1.80270e+00	0.00000e+00	1.49228e+00
2.83092e+02	2.56538e+02	2.25342e+03	1.20338e+03	1.97365e+00	0.00000e+00	0.00000e+00	4.68752e+00	0.00000e+00	1.80320e+00	0.00000e+00	1.49434e+00
2.84955e+02	2.56555e+02	2.25256e+03	1.20385e+03	1.97624e+00	0.00000e+00	0.00000e+00	4.70170e+00	0.00000e+00	1.80371e+00	0.00000e+00	1.49641e+00
2.86817e+02	2.56573e+02	2.25170e+03	1.20433e+03	1.97882e+00	0.00000e+00	0.00000e+00	4.71584e+00	0.00000e+00	1.80422e+00	0.00000e+00	1.49848e+00
2.88679e+02	2.56590e+02	2.25085e+03	1.20480e+03	1.98139e+00	0.00000e+00	0.00000e+00	4.72997e+00	0.00000e+00	1.80473e+00	0.00000e+00	1.50056e+00
2.90541e+02	2.56608e+02	2.24999e+03	1.20528e+03	1.98395e+00	0.00000e+00	0.00000e+00	4.74407e+00	0.00000e+00	1.80523e+00	0.00000e+00	1.50265e+00
2.92403e+02	2.56626e+02	2.24914e+03	1.20575e+03	1.98651e+00	0.00000e+00	0.00000e+00	4.75814e+00	0.00000e+00	1.80574e+00	0.00000e+00	1.50474e+00
2.94265e+02	2.56644e+02	2.24828e+03	1.20622e+03	1.98905e+00	0.00000e+00	0.00000e+00	4.77218e+00	0.00000e+00	1.80625e+00	0.00000e+00	1.50684e+00
2.96127e+02	2.56663e+02	2.24743e+03	1.20669e+03	1.99158e+00	0.00000e+00	0.00000e+00	4.78618e+00	0.00000e+00	1.80676e+00	0.00000e+00	1.50894e+00
2.97989e+02	2.56681e+02	2.24657e+03	1.20716e+03	1.99409e+00	0.00000e+00	0.00000e+00	4.80016e+00	0.00000e+00	1.80727e+00	0.00000e+00	1.51105e+00
2.99851e+02	2.56699e+02	2.24572e+03	1.20763e+03	1.99660e+00	0.00000e+00	0.00000e+00	4.81410e+00	0.00000e+00	1.80778e+00	0.00000e+00	1.51317e+00
3.01713e+02	2.56718e+02	2.24487e+03	1.20809e+03	1.99910e+00	0.00000e+00	0.00000e+00	4.82801e+00	0.00000e+00	1.80829e+00	0.00000e+00	1.51529e+00
3.03576e+02	2.56737e+02	2.24401e+03	1.20856e+03	2.00158e+00	0.00000e+00	0.00000e+00	4.84188e+00	0.00000e+00	1.80880e+00	0.00000e+00	1.51742e+00
3.05438e+02	2.56755e+02	2.24316e+03	1.20902e+03	2.00405e+00	0.00000e+00	0.00000e+00	4.85572e+00	0.00000e+00	1.80931e+00	0.00000e+00	1.51956e+00
3.07300e+02	2.56774e+02	2.24231e+03	1.20949e+03	2.00652e+00	0.00000e+00	0.00000e+00	4.86953e+00	0.00000e+00	1.80982e+00	0.00000e+00	1.52170e+00
3.09162e+02	2.56793e+02	2.24146e+03	1.20995e+03	2.00897e+00	0.00000e+00	0.00000e+00	4.88331e+00	0.00000e+00	1.81033e+00	0.00000e+00	1.52384e+00
3.11024e+02	2.56812e+02	2.24061e+03	1.21041e+03	2.01142e+00	0.00000e+00	0.00000e+00	4.89707e+00	0.00000e+00	1.81084e+00	0.00000e+00	1.52599e+00
3.12886e+02	2.56832e+02	2.23976e+03	1.21087e+03	2.01386e+00	0.00000e+00	0.00000e+00	4.91081e+00	0.00000e+00	1.81135e+00	0.00000e+00	1.52815e+00
3.14748e+02	2.56851e+02	2.23891e+03	1.21133e+03	2.01628e+00	0.00000e+00	0.00000e+00	4.92453e+00	0.00000e+00	1.81186e+00	0.00000e+00	1.53031e+00
3.16610e+02	2.56870e+02	2.23807e+03	1.21178e+03	2.01871e+00	0.00000e+00	0.00000e+00	4.93824e+00	0.00000e+00	1.81237e+00	0.00000e+00	1.53248e+00
3.18472e+02	2.56890e+02	2.23722e+03	1.21224e+03	2.02112e+00	0.00000e+00	0.00000e+00	4.95194e+00	0.00000e+00	1.81288e+00	0.00000e+00	1.53465e+00
3.20334e+02	2.56909e+02	2.23637e+03	1.21270e+03	2.02354e+00	0.00000e+00	0.00000e+00	4.96563e+00	0.00000e+00	1.81339e+00	0.00000e+00	1.53682e+00
3.22196e+02	2.56929e+02	2.23553e+03	1.21315e+03	2.02594e+00	0.00000e+00	0.00000e+00	4.97931e+00	0.00000e+00	1.81391e+00	0.00000e+00	1.53900e+00
3.24059e+02	2.56949e+02	2.23468e+03	1.21360e+03	2.02835e+00	0.00000e+00	0.00000e+00	4.99299e+00	0.00000e+00	1.81442e+00	0.00000e+00	1.54119e+00
3.25921e+02	2.56969e+02	2.23383e+03	1.21406e+03	2.03075e+00	0.00000e+00	0.00000e+00	5.00667e+00	0.00000e+00	1.81493e+00	0.00000e+00	1.54338e+00
3.27783e+02	2.56989e+02	2.23299e+03	1.21451e+03	2.03314e+00	0.00000e+00	0.00000e+00	5.02036e+00	0.00000e+00	1.81544e+00	0.00000e+00	1.54557e+00
3.29645e+02	2.57009e+02	2.23215e+03	1.21496e+03	2.03553e+00	0.00000e+00	0.00000e+00	5.03404e+00	0.00000e+00	1.81596e+00	0.00000e+00	1.54776e+00
3.31507e+02	2.57029e+02	2.23130e+03	1.21540e+03	2.03792e+00	0.00000e+00	0.00000e+00	5.04773e+00	0.00000e+00	1.81647e+00	0.00000e+00	1.54997e+00
3.33369e+02	2.57050e+02	2.23046e+03	1.21585e+03	2.04031e+00	0.00000e+00	0.00000e+00	5.06142e+00	0.00000e+00	1.81698e+00	0.00000e+00	1.55217e+00
3.35231e+02	2.57070e+02	2.22962e+03	1.21630e+03	2.04269e+00	0.00000e+00	0.00000e+00	5.07512e+00	0.00000e+00	1.81750e+00	0.00000e+00	1.55438e+00
3.37093e+02	2.57091e+02	2.22877e+03	1.21674e+03	2.04507e+00	0.00000e+00	0.00000e+00	5.08882e+00	0.00000e+00	1.81801e+00	0.00000e+00	1.55659e+00
3.38955e+02	2.57112e+02	2.22793e+03	1.21719e+03	2.04745e+00	0.00000e+00	0.00000e+00	5.10253e+00	0.00000e+00	1.81853e+00	0.00000e+00	1.55880e+00
3.40817e+02	2.57132e+02	2.22709e+03	1.21763e+03	2.04983e+00	0.00000e+00	0.00000e+00	5.11624e+00	0.00000e+00	1.81904e+00	0.00000e+00	1.56102e+00
3.42680e+02	2.57153e+02	2.22625e+03	1.21808e+03	2.05220e+00	0.00000e+00	0.00000e+00	5.12997e+00	0.00000e+00	1.81956e+00	0.00000e+00	1.56324e+00
3.44542e+02	2.57174e+02	2.22541e+03	1.21852e+03	2.05457e+00	0.00000e+00	0.00000e+00	5.14370e+00	0.00000e+00	1.82007e+00	0.00000e+00	1.56547e+00
3.46404e+02	2.57195e+02	2.22457e+03	1.21896e+03	2.05694e+00	0.00000e+00	0.00000e+00	5.15743e+00	0.00000e+00	1.82059e+00	0.00000e+00	1.56769e+00
3.48266e+02	2.57217e+02	2.22373e+03	1.21940e+03	2.05931e+00	0.00000e+00	0.00000e+00	5.17118e+00	0.00000e+00	1.82110e+00	0.00000e+00	1.56993e+00
3.50128e+02	2.57238e+02	2.22289e+03	1.21984e+03	2.06168e+00	0.00000e+00	0.00000e+00	5.18493e+00	0.00000e+00	1.82162e+00	0.00000e+00	1.57216e+00
3.51990e+02	2.57259e+02	2.22206e+03	1.22027e+03	2.06404e+00	0.00000e+00	0.00000e+00	5.19869e+00	0.00000e+00	1.82213e+00	0.00000e+00	1.57439e+00
3.53852e+02	2.57281e+02	2.22122e+03	1.22071e+03	2.06640e+00	0.00000e+00	0.00000e+00	5.21245e+00	0.00000e+00	1.82265e+00	0.00000e+00	1.57663e+00
3.55714e+02	2.57302e+02	2.22038e+03	1.22115e+03	2.06876e+00	0.00000e+00	0.00000e+00	5.22623e+00	0.00000e+00	1.82317e+00	0.00000e+00	1.57887e+00
3.57576e+02	2.57324e+02	2.21955e+03	1.22158e+03	2.07112e+00	0.00000e+00	0.00000e+00	5.24001e+00	0.00000e+00	1.82368e+00	0.00000e+00	1.58111e+00
3.59438e+02	2.57346e+02	2.21871e+03	1.22201e+03	2.07347e+00	0.00000e+00	0.00000e+00	5.25380e+00	0.00000e+00	1.82420e+00	0.00000e+00	1.58336e+00
3.61301e+02	2.57368e+02	2.21788e+03	1.22245e+03	2.07583e+00	0.00000e+00	0.00000e+00	5.26760e+00	0.00000e+00	1.82472e+00	0.00000e+00	1.58561e+00
3.63163e+02	2.57390e+02	2.21704e+03	1.22288e+03	2.07818e+00	0.00000e+00	0.00000e+00	5.28140e+00	0.00000e+00	1.82524e+00	0.00000e+00	1.58785e+00
3.65025e+02	2.57412e+02	2.21621e+03	1.22331e+03	2.08053e+00	0.00000e+00	0.00000e+00	5.29521e+00	0.00000e+00	1.82575e+00	0.00000e+00	1.59010e+00
3.66887e+02	2.57434e+02	2.21537e+03	1.22374e+03	2.08287e+00	0.00000e+00	0.00000e+00	5.30903e+00	0.00000e+00	1.82627e+00	0.00000e+00	1.59235e+00
3.68749e+02	2.57456e+02	2.21454e+03	1.22417e+03	2.08522e+00	0.00000e+00	0.00000e+00	5.32285e+00	0.00000e+00	1.82679e+00	0.00000e+00	1.59461e+00
3.70611e+02	2.57479e+02	2.21371e+03	1.22459e+03	2.08756e+00	0.00000e+00	0.00000e+00	5.33668e+00	0.00000e+00	1.82731e+00	0.00000e+00	1.59686e+00
3.72473e+02	2.57501e+02	2.21288e+03	1.22502e+03	2.08990e+00	0.00000e+00	0.00000e+00	5.35052e+00	0.00000e+00	1.82783e+00	0.00000e+00	1.59912e+00
3.74335e+02	2.57524e+02	2.21205e+03	1.22545e+03	2.09224e+00	0.00000e+00	0.00000e+00	5.36436e+00	0.00000e+00	1.82835e+00	0.00000e+00	1.60137e+00
3.76197e+02	2.57547e+02	2.21122e+03	1.22587e+03	2.09458e+00	0.00000e+00	0.00000e+00	5.37821e+00	0.00000e+00	1.82887e+00	0.00000e+00	1.60363e+00
3.78059e+02	2.57569e+02	2.21039e+03	1.22630e+03	2.09691e+00	0.00000e+00	0.00000e+00	5.39207e+00	0.00000e+00	1.82939e+00	0.00000e+00	1.60588e+00
3.79922e+02	2.57592e+02	2.20956e+03	1.22672e+03	2.09924e+00	0.00000e+00	0.00000e+00	5.40593e+00	0.00000e+00	1.82991e+00	0.00000e+00	1.60814e+00
3.81784e+02	2.57615e+02	2.20873e+03	1.22714e+03	2.10157e+00	0.00000e+00	0.00000e+00	5.41979e+00	0.00000e+00	1.83043e+00	0.00000e+00	1.61040e+00
3.83646e+02	2.57638e+02	2.20790e+03	1.22756e+03	2.10390e+00	0.00000e+00	0.00000e+00	5.43367e+00	0.00000e+00	1.83095e+00	0.00000e+00	1.61266e+00
3.85508e+02	2.57662e+02	2.20707e+03	1.22798e+03	2.10622e+00	0.00000e+00	0.00000e+00	5.44755e+00	0.00000e+00	1.83147e+00	0.00000e+00	1.61491e+00
3.87370e+02	2.57685e+02	2.20624e+03	1.22840e+03	2.10855e+00	0.00000e+00	0.00000e+00	5.46143e+00	0.00000e+00	1.83199e+00	0.00000e+00	1.61717e+00
3.89232e+02	2.57708e+02	2.20541e+03	1.22882e+03	2.11087e+00	0.00000e+00	0.00000e+00	5.47532e+00	0.00000e+00	1.83252e+00	0.00000e+00	1.61943e+00
3.91094e+02	2.57732e+02	2.20459e+03	1.22924e+03	2.11318e+00	0.00000e+00	0.00000e+00	5.48921e+00	0.00000e+00	1.83304e+00	0.00000e+00	1.62168e+00
3.92956e+02	2.57755e+02	2.20376e+03	1.22965e+03	2.11550e+00	0.00000e+00	0.00000e+00	5.50311e+00	0.00000e+00	1.83356e+00	0.00000e+00	1.62393e+00
3.94818e+02	2.57779e+02	2.20294e+03	1.23007e+03	2.11781e+00	0.00000e+00	0.00000e+00	5.51702e+00	0.00000e+00	1.83408e+00	0.00000e+00	1.62619e+00
3.96680e+02	2.57802e+02	2.20211e+03	1.23048e+03	2.12012e+00	0.00000e+00	0.00000e+00	5.53093e+00	0.00000e+00	1.83461e+00	0.00000e+00	1.62844e+00
3.98542e+02	2.57826e+02	2.20129e+03	1.23090e+03	2.12243e+00	0.00000e+00	0.00000e+00	5.54484e+00	0.00000e+00	1.83513e+00	0.00000e+00	1.63069e+00
4.00405e+02	2.57850e+02	2.20046e+03	1.23131e+03	2.12474e+00	0.00000e+00	0.00000e+00	5.55876e+00	0.00000e+00	1.83565e+00	0.00000e+00	1.63294e+00
4.02267e+02	2.57874e+02	2.19964e+03	1.23172e+03	2.12704e+00	0.00000e+00	0.00000e+00	5.57269e+00	0.00000e+00	1.83618e+00	0.00000e+00	1.63519e+00
4.04129e+02	2.57898e+02	2.19882e+03	1.23213e+03	2.12934e+00	0.00000e+00	0.00000e+00	5.58662e+00	0.00000e+00	1.83670e+00	0.00000e+00	1.63743e+00
4.05991e+02	2.57922e+02	2.19799e+03	1.23254e+03	2.13164e+00	0.00000e+00	0.00000e+00	5.60055e+00	0.00000e+00	1.83723e+00	0.00000e+00	1.63968e+00
4.07853e+02	2.57946e+02	2.19717e+03	1.23295e+03	2.13394e+00	0.00000e+00	0.00000e+00	5.61449e+00	0.00000e+00	1.83775e+00	0.00000e+00	1.64192e+00
4.09715e+02	2.57971e+02	2.19635e+03	1.23336e+03	2.13623e+00	0.00000e+00	0.00000e+00	5.62844e+00	0.00000e+00	1.83828e+00	0.00000e+00	1.64416e+00
4.11577e+02	2.57995e+02	2.19553e+03	1.23377e+03	2.13853e+00	0.00000e+00	0.00000e+00	5.64238e+00	0.00000e+00	1.83880e+00	0.00000e+00	1.64640e+00
4.13439e+02	2.58019e+02	2.19471e+03	1.23417e+03	2.14082e+00	0.00000e+00	0.00000e+00	5.65634e+00	0.00000e+00	1.83933e+00	0.00000e+00	1.64863e+00
4.15301e+02	2.58044e+02	2.19389e+03	1.23458e+03	2.14310e+00	0.00000e+00	0.00000e+00	5.67030e+00	0.00000e+00	1.83985e+00	0.00000e+00	1.65087e+00
4.17163e+02	2.58069e+02	2.19307e+03	1.23498e+03	2.14539e+00	0.00000e+00	0.00000e+00	5.68426e+00	0.00000e+00	1.84038e+00	0.00000e+00	1.65310e+00
4.19026e+02	2.58093e+02	2.19225e+03	1.23539e+03	2.14767e+00	0.00000e+00	0.00000e+00	5.69823e+00	0.00000e+00	1.84091e+00	0.00000e+00	1.65533e+00
4.20888e+02	2.58118e+02	2.19143e+03	1.23579e+03	2.14995e+00	0.00000e+00	0.00000e+00	5.71220e+00	0.00000e+00	1.84143e+00	0.00000e+00	1.65756e+00
4.22750e+02	2.58143e+02	2.19061e+03	1.23619e+03	2.15223e+00	0.00000e+00	0.00000e+00	5.72618e+00	0.00000e+00	1.84196e+00	0.00000e+00	1.65979e+00
4.24612e+02	2.58168e+02	2.18980e+03	1.23660e+03	2.15451e+00	0.00000e+00	0.00000e+00	5.74016e+00	0.00000e+00	1.84249e+00	0.00000e+00	1.66201e+00
4.26474e+02	2.58193e+02	2.18898e+03	1.23700e+03	2.15678e+00	0.00000e+00	0.00000e+00	5.75414e+00	0.00000e+00	1.84302e+00	0.00000e+00	1.66424e+00
4.28336e+02	2.58218e+02	2.18816e+03	1.23740e+03	2.15905e+00	0.00000e+00	0.00000e+00	5.76813e+00	0.00000e+00	1.84354e+00	0.00000e+00	1.66646e+00
4.30198e+02	2.58243e+02	2.18735e+03	1.23779e+03	2.16132e+00	0.00000e+00	0.00000e+00	5.78213e+00	0.00000e+00	1.84407e+00	0.00000e+00	1.66868e+00
4.32060e+02	2.58268e+02	2.18653e+03	1.23819e+03	2.16359e+00	0.00000e+00	0.00000e+00	5.79613e+00	0.00000e+00	1.84460e+00	0.00000e+00	1.67090e+00
4.33922e+02	2.58294e+02	2.18572e+03	1.23859e+03	2.16585e+00	0.00000e+00	0.00000e+00	5.81013e+00	0.00000e+00	1.84513e+00	0.00000e+00	1.67311e+00
4.35784e+02	2.58319e+02	2.18490e+03	1.23899e+03	2.16812e+00	0.00000e+00	0.00000e+00	5.82414e+00	0.00000e+00	1.84566e+00	0.00000e+00	1.67533e+00
4.37647e+02	2.58345e+02	2.18409e+03	1.23938e+03	2.17038e+00	0.00000e+00	0.00000e+00	5.83815e+00	0.00000e+00	1.84619e+00	0.00000e+00	1.67754e+00
4.39509e+02	2.58370e+02	2.18327e+03	1.23978e+03	2.17263e+00	0.00000e+00	0.00000e+00	5.85217e+00	0.00000e+00	1.84672e+00	0.00000e+00	1.67975e+00
4.41371e+02	2.58396e+02	2.18246e+03	1.24017e+03	2.17489e+00	0.00000e+00	0.00000e+00	5.86619e+00	0.00000e+00	1.84725e+00	0.00000e+00	1.68196e+00
4.43233e+02	2.58421e+02	2.18165e+03	1.24056e+03	2.17714e+00	0.00000e+00	0.00000e+00	5.88021e+00	0.00000e+00	1.84778e+00	0.00000e+00	1.68417e+00
4.45095e+02	2.58447e+02	2.18084e+03	1.24096e+03	2.17939e+00	0.00000e+00	0.00000e+00	5.89424e+00	0.00000e+00	1.84831e+00	0.00000e+00	1.68637e+00
4.46957e+02	2.58473e+02	2.18002e+03	1.24135e+03	2.18164e+00	0.00000e+00	0.00000e+00	5.90827e+00	0.00000e+00	1.84884e+00	0.00000e+00	1.68858e+00
4.48819e+02	2.58499e+02	2.17921e+03	1.24174e+03	2.18389e+00	0.00000e+00	0.00000e+00	5.92230e+00	0.00000e+00	1.84937e+00	0.00000e+00	1.69078e+00
4.50681e+02	2.58504e+02	2.17841e+03	1.25348e+03	4.13143e+00	2.08684e+00	1.23988e+02	1.41168e+01	5.45879e+00	1.84989e+00	5.00000e+00	0.00000e+00
4.52543e+02	2.58604e+02	2.17761e+03	1.25363e+03	4.13230e+00	2.08696e+00	1.23988e+02	1.41268e+01	5.46003e+00	1.85041e+00	5.00000e+00	0.00000e+00
4.54405e+02	2.58705e+02	2.17680e+03	1.25378e+03	4.13317e+00	2.08707e+00	1.23988e+02	1.41367e+01	5.46128e+00	1.85093e+00	5.00000e+00	0.00000e+00
4.56268e+02	2.58804e+02	2.17600e+03	1.25393e+03	4.13404e+00	2.08718e+00	1.23988e+02	1.41466e+01	5.46254e+00	1.85146e+00	5.00000e+00	0.00000e+00
4.58130e+02	2.58901e+02	2.17520e+03	1.25408e+03	4.13492e+00	2.08731e+00	1.23988e+02	1.41566e+01	5.46385e+00	1.85198e+00	5.00000e+00	0.00000e+00
4.59992e+02	2.58998e+02	2.17440e+03	1.25424e+03	4.13580e+00	2.08743e+00	1.23988e+02	1.41666e+01	5.46515e+00	1.85250e+00	5.00000e+00	0.00000e+00
4.61854e+02	2.59095e+02	2.17360e+03	1.25439e+03	4.13667e+00	2.08755e+00	1.23988e+02	1.41766e+01	5.46645e+00	1.85302e+00	5.00000e+00	0.00000e+00
4.63716e+02	2.59192e+02	2.17280e+03	1.25454e+03	4.13755e+00	2.08767e+00	1.23988e+02	1.41865e+01	5.46775e+00	1.85355e+00	5.00000e+00	0.00000e+00
4.65578e+02	2.59288e+02	2.17199e+03	1.25469e+03	4.13843e+00	2.08779e+00	1.23988e+02	1.41965e+01	5.46905e+00	1.85407e+00	5.00000e+00	0.00000e+00
4.67440e+02	2.59385e+02	2.17119e+03	1.25484e+03	4.13930e+00	2.08791e+00	1.23988e+02	1.42065e+01	5.47034e+00	1.85459e+00	5.00000e+00	0.00000e+00
4.69302e+02	2.59482e+02	2.17039e+03	1.25499e+03	4.14018e+00	2.08804e+00	1.23988e+02	1.42164e+01	5.47164e+00	1.85512e+00	5.00000e+00	0.00000e+00
4.71164e+02	2.59579e+02	2.16959e+03	1.25515e+03	4.14105e+00	2.08816e+00	1.23988e+02	1.42264e+01	5.47293e+00	1.85565e+00	5.00000e+00	0.00000e+00
4.73026e+02	2.59676e+02	2.16880e+03	1.25530e+03	4.14192e+00	2.08828e+00	1.23988e+02	1.42363e+01	5.47422e+00	1.85617e+00	5.00000e+00	0.00000e+00
4.74888e+02	2.59773e+02	2.16800e+03	1.25545e+03	4.14280e+00	2.08840e+00	1.23988e+02	1.42463e+01	5.47551e+00	1.85670e+00	5.00000e+00	0.00000e+00
4.76751e+02	2.59870e+02	2.16720e+03	1.25560e+03	4.14367e+00	2.08852e+00	1.23988e+02	1.42562e+01	5.47680e+00	1.85723e+00	5.00000e+00	0.00000e+00
4.78613e+02	2.59967e+02	2.16640e+03	1.25575e+03	4.14454e+00	2.08864e+00	1.23988e+02	1.42662e+01	5.47809e+00	1.85775e+00	5.00000e+00	0.00000e+00
4.80475e+02	2.60064e+02	2.16560e+03	1.25590e+03	4.14541e+00	2.08876e+00	1.23988e+02	1.42761e+01	5.47937e+00	1.85828e+00	5.00000e+00	0.00000e+00
4.82337e+02	2.60158e+02	2.16480e+03	1.25605e+03	4.14629e+00	2.08888e+00	1.23988e+02	1.42861e+01	5.48071e+00	1.85881e+00	5.00000e+00	0.00000e+00
4.84199e+02	2.60251e+02	2.16401e+03	1.25620e+03	4.14717e+00	2.08902e+00	1.23988e+02	1.42960e+01	5.48206e+00	1.85934e+00	5.00000e+00	0.00000e+00
4.86061e+02	2.60344e+02	2.16321e+03	1.25636e+03	4.14805e+00	2.08915e+00	1.23988e+02	1.43060e+01	5.48341e+00	1.85987e+00	5.00000e+00	0.00000e+00
4.87923e+02	2.60437e+02	2.16241e+03	1.25651e+03	4.14893e+00	2.08928e+00	1.23988e+02	1.43160e+01	5.48475e+00	1.86040e+00	5.00000e+00	0.00000e+00
4.89785e+02	2.60530e+02	2.16162e+03	1.25666e+03	4.14980e+00	2.08941e+00	1.23988e+02	1.43259e+01	5.48610e+00	1.86094e+00	5.00000e+00	0.00000e+00
4.91647e+02	2.60623e+02	2.16082e+03	1.25681e+03	4.15068e+00	2.08954e+00	1.23988e+02	1.43359e+01	5.48745e+00	1.86147e+00	5.00000e+00	0.00000e+00
4.93509e+02	2.60716e+02	2.16002e+03	1.25696e+03	4.15156e+00	2.08967e+00	1.23988e+02	1.43459e+01	5.48879e+00	1.86200e+00	5.00000e+00	0.00000e+00
4.95372e+02	2.60808e+02	2.15923e+03	2.72632e+03	7.45410e+00	4.10740e+00	2.08481e+14	9.01608e+01	4.59958e+01	1.86253e+00	5.00000e+01	0.00000e+00
6.06122e+02	2.72846e+02	2.13742e+03	2.74018e+03	7.26962e+00	4.01287e+00	6.46840e+13	8.59793e+01	4.41255e+01	1.86253e+00	5.00000e+01	0.00000e+00
7.17435e+02	2.84762e+02	2.11561e+03	2.74806e+03	7.31590e+00	4.01731e+00	2.24290e+13	8.79499e+01	4.43505e+01	1.86253e+00	5.00000e+01	0.00000e+00
8.29068e+02	2.96555e+02	2.09380e+03	2.75222e+03	7.36682e+00	4.03224e+00	8.55917e+12	8.96988e+01	4.47482e+01	1.86253e+00	5.00000e+01	0.00000e+00
9.40870e+02	3.08226e+02	2.07199e+03	2.75639e+03	7.40949e+00	4.04386e+00	3.54997e+12	9.12298e+01	4.50752e+01	1.86253e+00	5.00000e+01	0.00000e+00
1.05284e+03	3.19775e+02	2.05018e+03	2.76044e+03	7.46746e+00	4.06176e+00	1.58411e+12	9.32095e+01	4.55417e+01	1.86253e+00	5.00000e+01	0.00000e+00
1.16498e+03	3.31201e+02	2.02837e+03	2.76451e+03	7.51951e+00	4.07727e+00	7.54034e+11	9.50375e+01	4.59577e+01	1.86253e+00	5.00000e+01	0.00000e+00
1.27728e+03	3.42505e+02	2.00656e+03	2.76888e+03	7.58493e+00	4.09875e+00	3.80092e+11	9.72775e+01	4.65170e+01	1.86253e+00	5.00000e+01	0.00000e+00
1.38976e+03	3.53688e+02	1.98474e+03	2.77522e+03	7.73927e+00	4.15960e+00	2.01646e+11	1.02210e+02	4.80197e+01	1.86253e+00	5.00000e+01	0.00000e+00
1.50249e+03	3.64748e+02	1.96293e+03	2.78137e+03	7.90213e+00	4.22523e+00	1.12005e+11	1.07497e+02	4.96609e+01	1.86253e+00	5.00000e+01	0.00000e+00
1.61548e+03	3.75685e+02	1.94112e+03	2.78729e+03	8.07971e+00	4.29893e+00	6.48347e+10	1.13294e+02	5.15159e+01	1.86253e+00	5.00000e+01	0.00000e+00
1.72871e+03	3.86501e+02	1.91931e+03	2.79331e+03	8.21979e+00	4.35623e+00	3.89531e+10	1.18057e+02	5.30090e+01	1.86253e+00	5.00000e+01	0.00000e+00
1.84218e+03	3.97194e+02	1.89750e+03	2.79834e+03	8.32671e+00	4.39959e+00	2.42054e+10	1.21799e+02	5.41658e+01	1.86253e+00	5.00000e+01	0.00000e+00
1.95586e+03	4.07765e+02	1.87569e+03	2.80202e+03	8.34760e+00	4.40232e+00	1.55077e+10	1.22849e+02	5.43052e+01	1.86253e+00	5.00000e+01	0.00000e+00
2.06968e+03	4.18214e+02	1.85388e+03	2.80839e+03	8.49419e+00	4.46483e+00	1.02147e+10	1.27984e+02	5.59848e+01	1.86253e+00	5.00000e+01	0.00000e+00
2.18377e+03	4.28541e+02	1.83207e+03	2.81308e+03	8.58074e+00	4.50001e+00	6.90222e+09	1.31176e+02	5.69665e+01	1.86253e+00	5.00000e+01	0.00000e+00
2.29804e+03	4.38745e+02	1.81026e+03	2.81901e+03	8.68207e+00	4.54192e+00	4.77372e+09	1.34958e+02	5.81545e+01	1.86253e+00	5.00000e+01	0.00000e+00
2.41256e+03	4.48828e+02	1.78845e+03	2.82379e+03	8.73913e+00	4.56391e+00	3.37317e+09	1.37237e+02	5.88178e+01	1.86253e+00	5.00000e+01	0.00000e+00
2.52727e+03	4.58788e+02	1.76664e+03	2.82783e+03	8.76446e+00	4.57047e+00	2.43089e+09	1.38461e+02	5.90712e+01	1.86253e+00	5.00000e+01	0.00000e+00
2.64214e+03	4.68626e+02	1.74483e+03	2.83159e+03	8.78151e+00	4.57368e+00	1.78386e+09	1.39381e+02	5.92329e+01	1.86253e+00	5.00000e+01	0.00000e+00
2.75717e+03	4.78341e+02	1.72302e+03	2.83535e+03	8.79878e+00	4.57669e+00	1.33115e+09	1.40322e+02	5.93895e+01	1.86253e+00	5.00000e+01	0.00000e+00
2.87234e+03	4.87935e+02	1.70121e+03	2.83911e+03	8.81899e+00	4.58217e+00	1.00886e+09	1.41330e+02	5.96108e+01	1.86253e+00	5.00000e+01	0.00000e+00
2.98768e+03	4.97406e+02	1.67940e+03	2.84282e+03	8.83388e+00	4.58271e+00	7.75690e+08	1.42243e+02	5.97027e+01	1.86253e+00	5.00000e+01	0.00000e+00
3.10316e+03	5.06755e+02	1.65759e+03	2.84766e+03	8.84138e+00	4.57937e+00	6.04458e+08	1.42979e+02	5.97173e+01	1.86253e+00	5.00000e+01	0.00000e+00
3.21884e+03	5.15982e+02	1.63578e+03	2.85136e+03	8.85232e+00	4.57840e+00	4.76968e+08	1.43750e+02	5.97696e+01	1.86253e+00	5.00000e+01	0.00000e+00
3.33467e+03	5.25086e+02	1.61397e+03	2.85495e+03	8.86322e+00	4.57750e+00	3.80780e+08	1.44513e+02	5.98212e+01	1.86253e+00	5.00000e+01	0.00000e+00
3.45064e+03	5.34069e+02	1.59216e+03	2.85869e+03	8.87446e+00	4.57663e+00	3.07318e+08	1.45303e+02	5.98768e+01	1.86253e+00	5.00000e+01	0.00000e+00
3.56677e+03	5.42929e+02	1.57035e+03	2.86220e+03	8.88685e+00	4.57642e+00	2.50574e+08	1.46119e+02	5.99449e+01	1.86253e+00	5.00000e+01	0.00000e+00
3.68304e+03	5.51667e+02	1.54854e+03	2.86666e+03	8.89793e+00	4.57492e+00	2.06271e+08	1.46964e+02	5.99988e+01	1.86253e+00	5.00000e+01	0.00000e+00
3.79949e+03	5.60283e+02	1.52673e+03	2.87077e+03	8.90644e+00	4.57269e+00	1.71339e+08	1.47688e+02	6.00265e+01	1.86253e+00	5.00000e+01	0.00000e+00
3.91611e+03	5.68776e+02	1.50492e+03	2.87295e+03	8.91519e+00	4.57215e+00	1.43534e+08	1.48267e+02	6.00576e+01	1.86253e+00	5.00000e+01	0.00000e+00
4.03282e+03	5.77148e+02	1.48311e+03	2.87664e+03	8.92672e+00	4.57150e+00	1.21196e+08	1.49072e+02	6.01179e+01	1.86253e+00	5.00000e+01	0.00000e+00
4.14967e+03	5.85397e+02	1.46130e+03	2.88049e+03	8.93612e+00	4.56987e+00	1.03106e+08	1.49812e+02	6.01552e+01	1.86253e+00	5.00000e+01	0.00000e+00
4.26669e+03	5.93524e+02	1.43949e+03	2.88484e+03	8.94423e+00	4.56735e+00	8.83407e+07	1.50545e+02	6.01799e+01	1.86253e+00	5.00000e+01	0.00000e+00
4.38388e+03	6.01528e+02	1.41767e+03	2.88893e+03	8.95306e+00	4.56531e+00	7.62014e+07	1.51287e+02	6.02114e+01	1.86253e+00	5.00000e+01	0.00000e+00
4.50123e+03	6.09411e+02	1.39586e+03	2.89296e+03	8.96223e+00	4.56351e+00	6.61496e+07	1.52036e+02	6.02477e+01	1.86253e+00	5.00000e+01	0.00000e+00
4.61875e+03	6.17171e+02	1.37405e+03	2.89632e+03	8.97088e+00	4.56208e+00	5.77708e+07	1.52713e+02	6.02800e+01	1.86253e+00	5.00000e+01	0.00000e+00
4.73641e+03	6.24809e+02	1.35224e+03	2.91649e+03	8.93641e+00	4.53848e+00	5.07414e+07	1.52810e+02	6.00728e+01	1.86253e+00	5.00000e+01	0.00000e+00
4.85488e+03	6.32325e+02	1.33043e+03	2.93256e+03	9.08992e+00	4.62021e+00	4.48330e+07	1.58846e+02	6.26009e+01	1.86253e+00	5.00000e+01	0.00000e+00
4.97401e+03	6.39719e+02	1.30862e+03	2.94194e+03	8.82500e+00	4.52321e+00	3.98315e+07	1.48975e+02	6.02116e+01	1.86253e+00	5.00000e+01	0.00000e+00
5.09352e+03	6.46990e+02	1.28681e+03	2.95325e+03	8.86026e+00	4.53733e+00	3.55663e+07	1.50778e+02	6.08001e+01	1.86253e+00	5.00000e+01	0.00000e+00
5.21349e+03	6.54139e+02	1.26500e+03	2.95784e+03	8.58740e+00	4.43629e+00	3.19120e+07	1.40963e+02	5.82991e+01	1.86253e+00	5.00000e+01	0.00000e+00
5.33364e+03	6.61166e+02	1.24319e+03	2.97203e+03	8.54420e+00	4.41633e+00	2.87598e+07	1.39680e+02	5.79665e+01	1.86253e+00	5.00000e+01	0.00000e+00
5.45438e+03	6.68071e+02	1.22138e+03	2.97818e+03	8.45959e+00	4.38679e+00	2.60354e+07	1.36865e+02	5.73378e+01	1.86253e+00	5.00000e+01	0.00000e+00
5.57536e+03	6.74854e+02	1.19957e+03	2.98503e+03	8.37377e+00	4.35468e+00	2.36647e+07	1.33836e+02	5.66058e+01	1.86253e+00	5.00000e+01	0.00000e+00
5.69662e+03	6.81514e+02	1.17776e+03	2.98604e+03	8.53194e+00	4.41569e+00	2.15938e+07	1.39742e+02	5.82243e+01	1.86253e+00	5.00000e+01	0.00000e+00
5.81792e+03	6.88053e+02	1.15595e+03	3.00228e+03	8.12292e+00	4.26266e+00	1.97745e+07	1.25362e+02	5.45528e+01	1.86253e+00	5.00000e+01	0.00000e+00
5.93988e+03	6.94469e+02	1.13414e+03	3.00801e+03	8.23956e+00	4.30645e+00	1.81774e+07	1.29892e+02	5.57934e+01	1.86253e+00	5.00000e+01	0.00000e+00
6.06207e+03	7.00762e+02	1.11233e+03	3.01704e+03	8.20952e+00	4.29669e+00	1.67658e+07	1.29072e+02	5.56991e+01	1.86253e+00	5.00000e+01	0.00000e+00
6.18463e+03	7.06934e+02	1.09052e+03	3.02069e+03	8.27974e+00	4.32350e+00	1.55152e+07	1.31889e+02	5.64799e+01	1.86253e+00	5.00000e+01	0.00000e+00
6.30734e+03	7.12983e+02	1.06871e+03	3.03130e+03	7.88132e+00	4.17665e+00	1.44018e+07	1.17789e+02	5.28799e+01	1.86253e+00	5.00000e+01	0.00000e+00
6.43048e+03	7.18910e+02	1.04690e+03	3.04004e+03	7.87376e+00	4.17359e+00	1.34096e+07	1.17867e+02	5.29544e+01	1.86253e+00	5.00000e+01	0.00000e+00
6.55397e+03	7.24715e+02	1.02509e+03	3.07786e+03	8.10574e+00	4.26408e+00	1.25224e+07	1.27756e+02	5.59955e+01	1.86253e+00	5.00000e+01	0.00000e+00
6.67900e+03	7.30398e+02	1.00328e+03	3.11277e+03	8.10055e+00	4.26750e+00	1.17340e+07	1.28676e+02	5.66902e+01	1.86253e+00	5.00000e+01	0.00000e+00
6.80545e+03	7.35959e+02	9.81467e+02	3.14683e+03	8.06386e+00	4.26413e+00	1.10306e+07	1.28341e+02	5.72177e+01	1.86253e+00	5.00000e+01	0.00000e+00
6.93328e+03	7.41397e+02	9.59657e+02	3.13964e+03	8.16813e+00	4.30123e+00	1.04010e+07	1.32029e+02	5.80861e+01	1.86253e+00	5.00000e+01	0.00000e+00
7.06082e+03	7.46713e+02	9.37846e+02	3.18900e+03	8.21421e+00	4.37731e+00	9.82792e+06	1.33704e+02	6.11164e+01	1.86253e+00	5.00000e+01	0.00000e+00
7.19037e+03	7.51907e+02	9.16036e+02	3.28322e+03	8.35467e+00	4.52524e+00	9.31535e+06	1.39528e+02	6.72601e+01	1.86253e+00	5.00000e+01	0.00000e+00
7.32374e+03	7.56979e+02	8.94226e+02	3.40143e+03	8.58411e+00	4.75342e+00	8.86306e+06	1.48167e+02	7.68554e+01	1.86253e+00	5.00000e+01	0.00000e+00
7.46192e+03	7.61928e+02	8.72415e+02	3.40413e+03	8.59630e+00	4.75667e+00	8.46652e+06	1.48858e+02	7.70215e+01	1.86253e+00	5.00000e+01	0.00000e+00
7.60020e+03	7.66755e+02	8.50605e+02	3.40669e+03	8.60874e+00	4.76007e+00	8.10173e+06	1.49551e+02	7.71897e+01	1.86253e+00	5.00000e+01	0.00000e+00
7.73859e+03	7.71460e+02	8.28795e+02	3.40827e+03	8.62212e+00	4.76400e+00	7.76561e+06	1.50237e+02	7.73528e+01	1.86253e+00	5.00000e+01	0.00000e+00
7.87704e+03	7.76043e+02	8.06984e+02	3.41401e+03	8.63147e+00	4.76568e+00	7.45536e+06	1.50968e+02	7.75379e+01	1.86253e+00	5.00000e+01	0.00000e+00
8.01573e+03	7.80504e+02	7.85174e+02	3.41489e+03	8.64566e+00	4.77010e+00	7.16908e+06	1.51652e+02	7.77021e+01	1.86253e+00	5.00000e+01	0.00000e+00
8.15445e+03	7.84842e+02	7.63363e+02	3.41827e+03	8.65739e+00	4.77314e+00	6.90408e+06	1.52363e+02	7.78779e+01	1.86253e+00	5.00000e+01	0.00000e+00
8.29331e+03	7.89059e+02	7.41553e+02	3.42147e+03	8.66945e+00	4.77642e+00	6.65873e+06	1.53078e+02	7.80582e+01	1.86253e+00	5.00000e+01	0.00000e+00
8.43230e+03	7.93153e+02	7.19743e+02	3.42355e+03	8.68270e+00	4.78040e+00	6.43132e+06	1.53785e+02	7.82359e+01	1.86253e+00	5.00000e+01	0.00000e+00
8.57137e+03	7.97124e+02	6.97932e+02	3.42792e+03	8.69366e+00	4.78307e+00	6.22025e+06	1.54517e+02	7.84231e+01	1.86253e+00	5.00000e+01	0.00000e+00
8.71062e+03	8.00974e+02	6.76122e+02	3.42948e+03	8.70763e+00	4.78755e+00	6.02434e+06	1.55225e+02	7.86059e+01	1.86253e+00	5.00000e+01	0.00000e+00
8.84994e+03	8.04701e+02	6.54311e+02	3.43184e+03	8.72076e+00	4.79151e+00	5.84216e+06	1.55944e+02	7.87903e+01	1.86253e+00	5.00000e+01	0.00000e+00
8.98935e+03	8.08307e+02	6.32501e+02	3.43319e+03	8.73502e+00	4.79618e+00	5.67269e+06	1.56655e+02	7.89748e+01	1.86253e+00	5.00000e+01	0.00000e+00
9.12881e+03	8.11790e+02	6.10691e+02	3.43579e+03	8.74805e+00	4.80016e+00	5.51488e+06	1.57381e+02	7.91657e+01	1.86253e+00	5.00000e+01	0.00000e+00
9.26838e+03	8.15150e+02	5.88880e+02	3.43962e+03	8.75994e+00	4.80351e+00	5.36794e+06	1.58125e+02	7.93646e+01	1.86253e+00	5.00000e+01	0.00000e+00
9.40811e+03	8.18389e+02	5.67070e+02	3.44080e+03	8.77452e+00	4.80843e+00	5.23115e+06	1.58842e+02	7.95550e+01	1.86253e+00	5.00000e+01	0.00000e+00
9.54788e+03	8.21505e+02	5.45260e+02	3.44417e+03	8.78698e+00	4.81216e+00	5.10363e+06	1.59586e+02	7.97562e+01	1.86253e+00	5.00000e+01	0.00000e+00
9.68779e+03	8.24499e+02	5.23449e+02	3.44765e+03	8.79966e+00	4.81612e+00	4.98485e+06	1.60341e+02	7.99683e+01	1.86253e+00	5.00000e+01	0.00000e+00
9.82785e+03	8.27371e+02	5.01639e+02	3.45016e+03	8.81290e+00	4.82027e+00	4.87420e+06	1.61078e+02	8.01645e+01	1.86253e+00	5.00000e+01	0.00000e+00
9.96800e+03	8.30121e+02	4.79828e+02	3.45283e+03	8.82628e+00	4.82461e+00	4.77112e+06	1.61825e+02	8.03711e+01	1.86253e+00	5.00000e+01	0.00000e+00
1.01083e+04	8.32749e+02	4.58018e+02	3.45654e+03	8.83867e+00	4.82839e+00	4.67510e+06	1.62587e+02	8.05835e+01	1.86253e+00	5.00000e+01	0.00000e+00
1.02487e+04	8.35254e+02	4.36208e+02	3.45806e+03	8.85324e+00	4.83345e+00	4.58576e+06	1.63325e+02	8.07880e+01	1.86253e+00	5.00000e+01	0.00000e+00
1.03892e+04	8.37637e+02	4.14397e+02	3.46105e+03	8.86655e+00	4.83783e+00	4.50261e+06	1.64087e+02	8.10045e+01	1.86253e+00	5.00000e+01	0.00000e+00
1.05297e+04	8.39898e+02	3.92587e+02	3.46514e+03	8.87876e+00	4.84158e+00	4.42532e+06	1.64864e+02	8.12261e+01	1.86253e+00	5.00000e+01	0.00000e+00
1.06705e+04	8.42036e+02	3.70777e+02	3.45274e+03	8.86273e+00	4.86126e+00	4.35361e+06	1.62420e+02	8.15937e+01	1.86253e+00	5.00000e+01	0.00000e+00
1.08108e+04	8.44053e+02	3.48966e+02	3.40409e+03	8.78333e+00	4.92207e+00	4.28671e+06	1.52655e+02	8.24700e+01	1.86253e+00	5.00000e+01	0.00000e+00
1.09491e+04	8.45947e+02	3.27156e+02	3.40782e+03	8.79951e+00	4.92836e+00	4.22355e+06	1.53510e+02	8.27718e+01	1.86253e+00	5.00000e+01	0.00000e+00
1.10875e+04	8.47719e+02	3.05345e+02	3.41151e+03	8.81583e+00	4.93478e+00	4.16538e+06	1.54369e+02	8.30774e+01	1.86253e+00	5.00000e+01	0.00000e+00
1.12261e+04	8.49369e+02	2.83535e+02	3.41535e+03	8.83211e+00	4.94122e+00	4.11195e+06	1.55235e+02	8.33881e+01	1.86253e+00	5.00000e+01	0.00000e+00
1.13648e+04	8.50897e+02	2.61725e+02	3.41935e+03	8.84817e+00	4.94752e+00	4.06305e+06	1.56103e+02	8.36987e+01	1.86253e+00	5.00000e+01	0.00000e+00
1.15037e+04	8.52302e+02	2.39914e+02	3.42376e+03	8.86386e+00	4.95364e+00	4.01846e+06	1.56979e+02	8.40141e+01	1.86253e+00	5.00000e+01	0.00000e+00
1.16428e+04	8.53585e+02	2.18104e+02	3.42595e+03	8.88171e+00	4.96107e+00	3.97801e+06	1.57828e+02	8.43200e+01	1.86253e+00	5.00000e+01	0.00000e+00
1.17820e+04	8.54746e+02	1.96293e+02	3.43055e+03	8.89723e+00	4.96711e+00	3.94150e+06	1.58712e+02	8.46391e+01	1.86253e+00	5.00000e+01	0.00000e+00
1.19213e+04	8.55785e+02	1.74483e+02	3.43339e+03	8.91462e+00	4.97435e+00	3.90881e+06	1.59578e+02	8.49565e+01	1.86253e+00	5.00000e+01	0.00000e+00
1.20608e+04	8.56702e+02	1.52673e+02	3.43617e+03	8.93207e+00	4.98166e+00	3.87979e+06	1.60444e+02	8.52751e+01	1.86253e+00	5.00000e+01	0.00000e+00
1.22004e+04	8.57496e+02	1.30862e+02	3.44136e+03	8.94694e+00	4.98733e+00	3.85432e+06	1.61342e+02	8.55986e+01	1.86253e+00	5.00000e+01	0.00000e+00
1.23402e+04	8.58168e+02	1.09052e+02	3.44363e+03	8.96488e+00	4.99495e+00	3.83232e+06	1.62205e+02	8.59168e+01	1.86253e+00	5.00000e+01	0.00000e+00
1.24801e+04	8.58718e+02	8.72415e+01	3.44880e+03	8.97989e+00	5.00076e+00	3.81368e+06	1.63111e+02	8.62461e+01	1.86253e+00	5.00000e+01	0.00000e+00
1.26202e+04	8.59146e+02	6.54311e+01	3.45129e+03	8.99757e+00	5.00827e+00	3.79833e+06	1.63980e+02	8.65681e+01	1.86253e+00	5.00000e+01	0.00000e+00
1.27604e+04	8.59451e+02	4.36208e+01	3.45491e+03	9.01415e+00	5.01509e+00	3.78619e+06	1.64869e+02	8.68949e+01	1.86253e+00	5.00000e+01	0.00000e+00
1.29007e+04	8.59635e+02	2.18104e+01	3.45932e+03	9.02993e+00	5.02144e+00	3.77721e+06	1.65770e+02	8.72263e+01	1.86253e+00	5.00000e+01	0.00000e+00
1.30412e+04	NaN	0.00000e+00	0.00000e+00	0.00000e+00	0.00000e+00	NaN	1.65770e+02	8.72263e+01	1.86253e+00	5.00000e+01	NaN
